3.3973406816849465
4.296187194882076
5.077254835212427
4.9019730266426516
3.8097174451589524
2.789941954649599
2.855408676149653
4.012365257136972
5.194847330063357
5.279452633713108
4.18524159525421
2.9534723126812827
2.7266313360937557
3.6539962851481045
4.803134700188153
5.11757492501127
4.4204883664164285
3.4817026850631683
3.1703390569068204
3.623686188008511
4.250775225385085
4.450503616091235
4.204814950201594
3.946917476925723
3.963215645521172
4.076865034968698
3.961382809313113
3.6505166307992942
3.5713309419577155
4.011404805195372
4.652416933766859
4.7949611262906995
4.122032733611996
3.1674703939277395
2.885096547389841
3.6739765593099043
4.873839722505901
5.33389221488604
4.549006354362593
3.213528238551352
2.586136136447329
3.2662650913122526
4.604261922407261
5.3404989038964565
4.82862225013628
3.6221610870105674
2.8740564565257047
3.20195723582333
4.164518140205416
4.806527682808326
4.62960328130448
3.98304201081976
3.5640841438203976
3.663021983278607
3.97276324692394
4.075002122784884
3.957751894800106
3.952962330276934
4.219517145039013
4.453325660043112
4.229320354566954
3.5942933974906057
3.1656061970770404
3.5145021568607238
4.464072631990769
5.127922768732363
4.764327486134296
3.599103048971297
2.7086388523737264
2.992678938522278
4.246593732357895
5.304954964335817
5.160091105104673
3.9505836080749033
2.8247529435054033
2.8170200349553953
3.8657329041281168
4.933592651366704
5.0589274634562225
4.251252925700503
3.3700183261011816
3.202938777674831
3.7378412807963444
4.323357068472637
4.431312884655428
4.149403394164981
3.9297111060205334
3.9856834830279237
4.079031959112715
3.9141775666211913
3.607749593414291
3.6092065483297846
4.122943745565991
4.729041297201504
4.735074391750878
3.9555619504718806
3.050040711124605
2.947862688697694
3.878156767293537
5.030537476610459
5.284616815226641
4.32922397740052
3.027815629817497
2.61156130332179
3.4784716092587447
4.801491283618505
5.341262596327165
4.644269034382502
3.435254881742129
2.853171235582259
3.3444589178187805
4.318708946962326
4.834373456110517
4.534521651622082
3.88055231396143
3.5467782101201384
3.7140679452581353
4.011349825280207
4.063590401790576
3.939595159755249
3.9815429836676137
4.274642200763265
4.454838811964549
4.139768849305059
3.486948791397912
3.1630026272234626
3.6505743061977487
4.623543744712995
5.146985408384188
4.601734752972125
3.3966932520754476
2.6634597500235255
3.1599265676434136
4.474886291802312
5.378010431843406
5.007958432179613
3.718605350816978
2.7305574623655087
2.939848256972587
4.077776356881135
5.034805659696723
4.971666051475592
4.080179480323534
3.280685828364173
3.257066351953885
3.853038580738439
4.380748135602189
4.400137764060448
4.096448091977311
3.921563302105839
4.009367605098424
4.0727470002593025
3.8620163478474945
3.574318244192845
3.663267913194873
4.237882695768025
4.787382182329255
4.650706321818894
3.7847596549225475
2.957153154443361
3.042591308970895
4.089472446609396
5.159713130834129
5.198029325750026
4.098671664201217
2.8693301166174265
2.676508307328814
3.704656670481595
4.974481726016419
5.30394112734548
4.44437026353215
3.2679413875170913
2.8653825439617573
3.5015047347906223
4.45833296711
4.836981383162474
4.428910175941465
3.7884903096628224
3.545126796213187
3.76875576593161
4.041756758918763
4.046433901225586
3.9268463739530275
4.018490239017141
4.326669702840001
4.440895658341619
4.0392522604600964
3.389341959707963
3.1854964333632116
3.802034819551464
